City_ID,City,Cloudiness,Country,Date,Humidity,Temp,Lat,Lng,Wind Speed
0,rzhavki,100,RU,1596160543,81,51.8,56.0,37.25,6.71
1,rikitea,100,PF,1596160596,89,73.17,-23.12,-134.97,11.48
2,nikolskoye,40,RU,1596160596,93,57.0,59.7,30.79,4.47
3,albany,71,US,1596160596,95,75.0,42.6,-73.97,7.16
4,avesta,7,SE,1596160596,90,55.99,60.15,16.17,5.01
5,kalmunai,91,LK,1596160596,71,81.61,7.42,81.82,5.59
6,mar del plata,8,AR,1596160596,87,46.0,-38.0,-57.56,13.87
7,mataura,85,NZ,1596160596,63,58.39,-46.19,168.86,4.9
8,salalah,75,OM,1596160486,94,82.4,17.02,54.09,4.7
9,bluff,87,NZ,1596160459,84,51.96,-46.6,168.33,9.01
10,barda,44,AZ,1596160596,72,70.0,40.37,47.13,5.86
11,butaritari,82,KI,1596160596,73,83.01,3.07,172.79,8.37
12,lata,58,PT,1596160596,93,64.0,40.16,-8.33,1.01
13,labuhan,0,ID,1596160596,67,80.71,-6.88,112.21,10.51
14,waingapu,0,ID,1596160597,54,81.45,-9.66,120.26,12.44
15,sitka,40,US,1596160480,63,66.2,57.05,-135.33,5.82
16,laguna,1,US,1596160524,14,93.99,38.42,-121.42,11.41
17,belmonte,75,BR,1596160597,88,69.8,-15.86,-38.88,2.24
18,bullhead city,1,US,1596160597,6,116.6,35.15,-114.57,6.93
19,kisangani,0,CD,1596160597,80,71.73,0.52,25.2,2.01
20,juneau,40,US,1596160597,41,77.0,58.3,-134.42,9.17
21,lompoc,2,US,1596160597,72,64.4,34.64,-120.46,12.75
22,ampanihy,0,MG,1596160597,92,56.62,-24.7,44.75,2.62
23,beringovskiy,90,RU,1596160597,82,50.79,63.05,179.32,12.88
24,lebu,38,CL,1596160597,93,49.55,-37.62,-73.65,11.16
25,meulaboh,100,ID,1596160517,84,77.76,4.14,96.13,4.61
26,ushuaia,20,AR,1596160347,74,33.8,-54.8,-68.3,5.82
27,ribeira grande,12,PT,1596160597,72,70.18,38.52,-28.7,10.58
28,vaini,40,TO,1596160597,69,75.2,-21.2,-175.2,13.87
29,vryburg,0,ZA,1596160597,72,37.85,-26.96,24.73,2.51
30,shahreza,73,IR,1596160597,27,69.98,32.03,51.88,3.38
31,carnarvon,0,AU,1596160487,68,66.2,-24.87,113.63,19.46
32,lae,87,PG,1596160597,78,80.37,-6.72,146.98,5.84
33,cherskiy,86,RU,1596160484,64,50.31,68.75,161.3,8.61
34,ulaangom,100,MN,1596160597,53,60.48,49.98,92.07,18.48
35,punta arenas,100,CL,1596160458,93,35.6,-53.15,-70.92,14.99
36,jamestown,1,US,1596160398,68,68.0,42.1,-79.24,5.82
37,avarua,100,CK,1596160463,56,71.6,-21.21,-159.78,5.82
38,tasiilaq,14,GL,1596160597,70,44.6,65.61,-37.64,4.07
39,chuy,0,UY,1596160597,90,45.46,-33.7,-53.46,8.61
40,sao mateus,1,BR,1596160597,88,66.74,-18.72,-39.86,4.12
41,dikson,100,RU,1596160476,68,54.57,73.51,80.55,12.26
42,kita,68,ML,1596160598,96,72.46,13.03,-9.49,3.09
43,tuktoyaktuk,75,CA,1596160474,64,68.0,69.45,-133.04,11.41
44,saint george,1,US,1596160453,8,105.8,37.1,-113.58,10.29
45,obo,93,CF,1596160598,97,67.05,5.4,26.49,0.94
46,shumskiy,50,RU,1596160598,73,68.63,54.83,99.13,4.81
47,nalut,0,LY,1596160598,34,75.72,30.33,10.85,11.43
48,olavarria,90,AR,1596160598,64,44.01,-36.89,-60.32,1.01
49,hilo,31,US,1596160598,58,82.4,19.73,-155.09,10.29
50,makakilo city,75,US,1596160499,54,84.2,21.35,-158.09,10.29
51,hithadhoo,62,MV,1596160598,73,83.34,-0.6,73.08,9.04
52,norman wells,40,CA,1596160598,50,77.0,65.28,-126.83,9.17
53,ikalamavony,20,MG,1596160598,86,58.98,-21.15,46.58,2.33
54,loa janan,99,ID,1596160598,95,75.02,-0.58,117.09,2.89
55,tazovskiy,100,RU,1596160598,99,53.6,67.47,78.7,7.2
56,saint-philippe,23,RE,1596160598,72,68.0,-21.36,55.77,6.93
57,rawlins,1,US,1596160598,21,80.6,41.79,-107.24,4.7
58,nouadhibou,61,MR,1596160598,93,70.88,20.93,-17.03,2.44
59,guerrero negro,0,MX,1596160598,77,71.73,27.98,-114.06,14.83
60,ried,7,DE,1596160598,87,57.99,48.48,11.26,2.24
61,naze,40,JP,1596160598,74,87.8,28.37,129.48,9.17
62,ambon,40,ID,1596160598,94,77.0,-3.7,128.18,10.29
63,riyadh,34,SA,1596160598,22,91.4,24.69,46.72,5.82
64,provideniya,75,RU,1596160598,76,51.8,64.38,-173.3,13.42
65,sosnovo-ozerskoye,100,RU,1596160598,93,63.32,52.52,111.54,7.52
66,presidencia roque saenz pena,85,AR,1596160598,47,54.9,-26.79,-60.44,3.96
67,busselton,9,AU,1596160598,81,61.0,-33.65,115.33,4.38
68,sernovodsk,0,RU,1596160598,67,59.0,43.31,45.16,2.24
69,bara,99,NG,1596160599,93,71.62,10.37,10.73,7.63
70,hermanus,0,ZA,1596160599,95,46.0,-34.42,19.23,2.98
71,hobart,75,AU,1596160336,54,57.2,-42.88,147.33,8.05
72,ghanzi,0,BW,1596160599,49,47.77,-21.57,21.78,7.58
73,muisne,97,EC,1596160599,88,74.71,0.6,-80.03,6.53
74,brae,100,GB,1596160599,87,55.4,60.4,-1.35,16.11
75,tagusao,100,PH,1596160599,79,83.28,9.19,117.81,10.29
76,kawambwa,5,ZM,1596160599,63,59.72,-9.79,29.08,10.54
77,barrow,90,US,1596160599,86,39.2,71.29,-156.79,9.17
78,nongan,75,CN,1596160599,65,84.99,44.38,125.17,20.13
79,aracati,2,BR,1596160599,63,77.5,-4.56,-37.77,13.18
80,cape town,0,ZA,1596160377,87,50.0,-33.93,18.42,3.36
81,luderitz,0,NA,1596160599,15,78.8,-26.65,15.16,14.99
82,broome,90,US,1596160599,68,71.6,42.25,-75.83,6.93
83,isiro,0,CD,1596160599,95,64.89,2.77,27.62,1.72
84,klaksvik,100,FO,1596160599,93,51.8,62.23,-6.59,17.22
85,korla,0,CN,1596160599,69,73.99,41.76,86.15,1.01
86,atasu,100,KZ,1596160599,44,70.5,48.68,71.64,2.46
87,yellowknife,20,CA,1596160373,46,70.0,62.46,-114.35,12.75
88,bathsheba,20,BB,1596160599,78,82.4,13.22,-59.52,10.29
89,kapaa,75,US,1596160599,65,82.4,22.08,-159.32,16.11
90,hervey bay,6,AU,1596160364,66,69.01,-25.3,152.85,8.99
91,nehe,71,CN,1596160599,44,85.93,48.48,124.83,11.34
92,berdigestyakh,46,RU,1596160599,36,72.52,62.1,126.7,7.02
93,port elizabeth,0,ZA,1596160527,87,51.8,-33.92,25.57,5.82
94,atar,100,MR,1596160599,51,86.04,20.52,-13.05,7.11
95,arraial do cabo,100,BR,1596160599,80,67.37,-22.97,-42.03,12.77
96,nishihara,40,JP,1596160600,74,89.6,26.18,127.76,13.87
97,kibala,55,TD,1596160600,96,71.71,9.11,18.35,2.46
98,port alfred,1,ZA,1596160600,81,55.62,-33.59,26.89,7.14
99,dvinskoy,51,RU,1596160600,97,54.19,62.15,45.12,2.04
100,iquique,75,CL,1596160478,72,59.0,-20.22,-70.14,5.82
101,saldanha,0,ZA,1596160600,78,54.19,-33.01,17.94,6.2
102,talnakh,4,RU,1596160600,49,71.6,69.49,88.4,22.37
103,kupang,20,ID,1596160551,57,80.6,-10.17,123.58,19.46
104,waitati,98,NZ,1596160600,74,57.0,-45.75,170.57,18.01
105,abbotsford,20,CA,1596160600,40,87.8,49.06,-122.25,11.41
106,kavaratti,100,IN,1596160600,78,82.29,10.57,72.64,19.75
107,pangnirtung,100,CA,1596160600,82,51.67,66.15,-65.71,7.54
108,svetlogorsk,57,BY,1596160600,92,52.3,52.63,29.73,6.64
109,tabou,100,CI,1596160600,85,75.06,4.42,-7.35,7.05
110,ahipara,100,NZ,1596160497,71,59.67,-35.17,173.17,14.99
111,uhlove,0,UA,1596160600,73,72.72,44.82,33.6,1.19
112,zeya,100,RU,1596160600,86,73.89,53.75,127.27,4.79
113,leningradskiy,100,RU,1596160600,80,41.92,69.38,178.42,14.97
114,faanui,13,PF,1596160600,77,79.3,-16.48,-151.75,9.75
115,olafsvik,100,IS,1596160600,76,50.58,64.89,-23.71,9.15
116,souillac,75,MU,1596160503,83,71.6,-20.52,57.52,3.36
117,qinzhou,29,CN,1596160600,60,89.53,21.95,108.62,6.15
118,victoria,98,HK,1596160499,83,82.0,22.29,114.16,15.99
119,kahului,40,US,1596160600,43,89.6,20.89,-156.47,20.8
120,college,75,US,1596160600,39,78.8,64.86,-147.8,5.82
121,mato verde,0,BR,1596160600,60,60.87,-15.4,-42.87,7.0
122,ballangen,17,NO,1596160600,82,57.99,68.34,16.83,9.17
123,egvekinot,51,RU,1596160600,59,50.67,66.32,-179.17,3.8
124,alofi,40,NU,1596160600,60,75.2,-19.06,-169.92,18.34
125,gravdal,100,NO,1596160601,72,59.25,68.12,13.5,5.48
126,chokurdakh,100,RU,1596160601,75,48.15,70.63,147.92,10.67
127,geraldton,62,AU,1596160499,82,59.0,-28.77,114.6,9.17
128,shar,9,KZ,1596160601,39,66.25,49.59,81.05,2.13
129,banda aceh,100,ID,1596160503,72,82.13,5.56,95.32,14.5
130,coihaique,96,CL,1596160375,80,33.8,-45.58,-72.07,4.7
131,opuwo,0,NA,1596160601,37,55.49,-18.06,13.84,11.34
132,the valley,20,AI,1596160601,78,82.4,18.22,-63.06,16.11
133,severomuysk,100,RU,1596160601,99,55.26,56.15,113.43,2.42
134,marawi,100,PH,1596160509,82,81.0,8.0,124.29,1.99
135,atuona,40,PF,1596160601,70,79.3,-9.8,-139.03,17.27
136,yulara,0,AU,1596160601,21,60.8,-25.24,130.99,13.87
137,lorengau,100,PG,1596160601,68,86.34,-2.02,147.27,10.83
138,totoral,0,PE,1596160601,38,54.68,-17.41,-70.36,2.17
139,hofn,100,IS,1596160601,86,49.64,64.25,-15.21,18.25
140,pouebo,48,NC,1596160601,77,76.77,-20.4,164.57,3.47
141,srednekolymsk,89,RU,1596160601,45,60.98,67.45,153.68,11.25
142,rocha,3,UY,1596160601,93,40.93,-34.48,-54.33,8.66
143,coquimbo,0,CL,1596160593,87,51.8,-29.95,-71.34,10.29
144,artyom,0,AZ,1596160601,88,66.2,40.47,50.33,4.7
145,grand baie,5,MU,1596160601,85,68.0,-20.02,57.58,4.0
146,batagay-alyta,0,RU,1596160601,50,58.66,67.8,130.41,4.79
147,nemuro,20,JP,1596160601,69,78.8,43.32,145.57,6.93
148,bengkulu,100,ID,1596160343,83,79.11,-3.8,102.27,8.77
149,severo-kurilsk,97,RU,1596160514,89,56.89,50.68,156.12,9.71
150,dores do indaia,66,BR,1596160601,59,68.63,-19.46,-45.6,8.46
151,baykit,95,RU,1596160601,60,68.02,61.67,96.37,5.57
152,flin flon,84,CA,1596160601,83,69.58,54.77,-101.86,2.35
153,kruisfontein,0,ZA,1596160602,84,48.34,-34.0,24.73,4.76
154,bangassou,75,CF,1596160602,93,68.09,4.74,22.82,2.17
155,sehithwa,0,BW,1596160602,42,51.33,-20.47,22.72,6.82
156,sungaipenuh,87,ID,1596160602,74,73.04,-2.08,101.38,1.81
157,charters towers,0,AU,1596160602,33,70.43,-20.1,146.27,9.84
158,tiksi,100,RU,1596160508,87,42.46,71.69,128.87,6.11
159,manono,0,CD,1596160602,40,72.09,-7.3,27.42,6.02
160,tomatlan,100,MX,1596160602,85,78.75,19.93,-105.25,0.87
161,grand-santi,1,GF,1596160528,94,73.4,4.25,-54.38,2.06
162,los llanos de aridane,75,ES,1596160509,64,71.6,28.66,-17.92,11.41
163,port macquarie,97,AU,1596160602,69,63.0,-31.43,152.92,1.99
164,jutai,75,BR,1596160602,71,74.95,-5.18,-68.9,2.3
165,puerto ayora,70,EC,1596160602,93,66.99,-0.74,-90.35,1.99
166,yar-sale,0,RU,1596160602,72,57.4,66.83,70.83,4.34
167,santiago de cao,66,PE,1596160602,91,59.85,-7.96,-79.24,8.05
168,biak,100,ID,1596160602,89,76.24,-0.91,122.88,5.59
169,aban,97,RU,1596160602,93,61.02,56.67,96.06,9.46
170,loralai,0,PK,1596160602,58,78.44,30.37,68.6,6.4
171,kongwa,0,TZ,1596160602,87,60.04,-6.2,36.42,3.83
172,ibra,84,OM,1596160602,52,88.47,22.69,58.53,2.19
173,nanortalik,100,GL,1596160602,89,43.47,60.14,-45.24,4.34
174,bilma,98,NE,1596160602,28,89.26,18.69,12.92,4.61
175,kaitangata,84,NZ,1596160602,64,53.01,-46.28,169.85,3.0
176,binahaan,100,PH,1596160602,94,77.58,13.99,121.76,1.61
177,camrose,0,CA,1596160602,58,75.0,53.02,-112.84,5.99
178,upernavik,64,GL,1596160602,73,43.21,72.79,-56.15,5.77
179,terney,22,RU,1596160602,60,79.36,45.05,136.61,5.84
180,buala,100,SB,1596160603,75,83.5,-8.14,159.59,2.75
181,deputatskiy,0,RU,1596160603,49,56.23,69.3,139.9,3.42
182,hovd,1,MN,1596160603,38,60.85,48.01,91.64,0.43
183,halifax,75,CA,1596160363,100,66.0,44.65,-63.57,4.7
184,itoman,40,JP,1596160603,70,89.6,26.12,127.67,12.75
185,jinchang,99,CN,1596160603,20,84.25,38.5,102.17,4.41
186,san cristobal,97,VE,1596160603,92,66.96,7.77,-72.22,4.81
187,namatanai,100,PG,1596160603,72,84.87,-3.67,152.43,8.75
188,rakiv lis,100,UA,1596160603,80,55.31,51.62,24.92,4.43
189,ulladulla,20,AU,1596160603,47,57.2,-35.35,150.47,3.36
190,port blair,100,IN,1596160326,79,81.52,11.67,92.75,16.96
191,airai,95,TL,1596160603,41,69.67,-8.93,125.41,4.79
192,alice springs,0,AU,1596160308,21,62.6,-23.7,133.88,16.11
193,ardakan,13,IR,1596160603,50,74.8,32.31,54.02,15.3
194,atlantic city,1,US,1596160603,69,82.4,39.36,-74.42,4.7
195,bethel,1,US,1596160442,88,75.2,41.37,-73.41,3.27
196,kodiak,75,US,1596160603,67,62.6,57.79,-152.41,17.22
197,andenes,0,NO,1596160603,87,55.4,69.31,16.12,3.36
198,nome,75,US,1596160603,76,55.99,64.5,-165.41,10.29
199,gull lake,1,CA,1596160603,48,82.4,50.1,-108.48,10.29
200,high level,20,CA,1596160603,44,78.8,58.52,-117.14,3.38
201,toila,31,EE,1596160603,91,56.12,59.42,27.5,12.15
202,magadi,75,IN,1596160603,94,71.6,12.97,77.23,5.82
203,skibbereen,75,IE,1596160603,100,59.0,51.55,-9.27,9.17
204,doha,3,QA,1596160603,79,93.99,25.29,51.53,4.7
205,shirokiy,100,RU,1596160603,68,78.62,49.76,129.52,6.53
206,katsuura,21,JP,1596160603,81,80.01,35.13,140.3,3.0
207,qaqortoq,100,GL,1596160603,81,46.4,60.72,-46.03,4.7
208,saint-augustin,100,CA,1596160604,89,58.53,51.23,-58.65,11.34
209,oranjemund,0,NA,1596160604,35,61.86,-28.55,16.43,4.41
210,taoudenni,15,ML,1596160604,35,90.61,22.68,-3.98,8.68
211,zapolyarnyy,40,RU,1596160604,93,51.8,69.42,30.81,16.11
212,narsaq,100,GL,1596160604,81,46.4,60.92,-46.05,4.7
213,anadyr,75,RU,1596160604,62,59.0,64.75,177.48,4.47
214,longyearbyen,90,SJ,1596160604,93,46.4,78.22,15.64,3.36
215,sheridan,1,US,1596160527,39,80.6,44.83,-106.92,10.29
216,cidreira,1,BR,1596160604,80,56.62,-30.18,-50.21,16.13
217,mount gambier,100,AU,1596160419,76,51.8,-37.83,140.77,10.29
218,cap malheureux,4,MU,1596160604,85,68.0,-19.98,57.61,4.0
219,port hardy,5,CA,1596160604,49,73.4,50.7,-127.42,11.41
220,malmyzh,78,RU,1596160604,92,59.49,56.52,50.68,6.55
221,castro,74,BR,1596160449,88,48.85,-24.79,-50.01,10.25
222,ormara,25,PK,1596160604,81,84.22,25.21,64.64,4.18
223,vestmanna,100,FO,1596160604,93,51.8,62.16,-7.17,17.22
224,kozhva,79,RU,1596160604,66,57.27,65.11,57.05,6.76
225,karlskrona,7,SE,1596160401,93,55.4,56.16,15.59,11.41
226,nuuk,100,GL,1596160547,81,46.4,64.18,-51.72,2.24
227,berlevag,99,NO,1596160604,91,50.76,70.86,29.09,7.52
228,yamada,100,JP,1596160604,74,76.3,39.47,141.95,3.53
229,east london,0,ZA,1596160604,75,57.79,-33.02,27.91,5.7
230,praia da vitoria,75,PT,1596160591,83,69.8,38.73,-27.07,9.08
231,helena,1,US,1596160349,17,93.2,46.59,-112.04,8.05
232,georgetown,20,MY,1596160530,88,82.4,5.41,100.34,4.7
233,kushiro,20,JP,1596160604,83,69.8,42.98,144.37,10.29
234,komsomolskiy,99,UZ,1596160534,46,73.4,40.43,71.72,4.7
235,santiago del estero,0,AR,1596160604,41,53.82,-27.8,-64.26,8.41
236,cranbrook,20,CA,1596160605,23,93.2,49.5,-115.77,4.7
237,sabzevar,0,IR,1596160605,55,72.34,36.21,57.68,8.34
238,petropavlovsk-kamchatskiy,75,RU,1596160605,100,60.8,53.05,158.65,4.47
239,prince rupert,1,CA,1596160536,53,73.4,54.32,-130.32,3.36
240,donskoye,0,RU,1596160605,48,66.2,45.46,41.97,2.24
241,dicabisagan,100,PH,1596160605,81,81.88,17.08,122.42,7.38
242,qaanaaq,0,GL,1596160605,69,40.57,77.48,-69.36,4.38
243,aguimes,75,ES,1596160605,69,73.4,27.91,-15.45,20.8
244,los andes,75,CL,1596160605,66,51.8,-32.83,-70.6,3.36
245,mwinilunga,0,ZM,1596160605,61,52.25,-11.74,24.43,5.5
246,tecpan,75,GT,1596160605,83,69.8,14.76,-90.99,11.41
247,lavrentiya,100,RU,1596160545,80,45.75,65.58,-171.0,9.04
248,nitra,0,SK,1596160605,82,68.0,48.31,18.08,6.93
249,najran,40,SA,1596160605,54,80.6,17.49,44.13,9.17
250,cabedelo,90,BR,1596160605,100,69.8,-6.98,-34.83,5.82
251,butte,1,US,1596160605,18,98.6,39.65,-121.57,9.17
252,naica,34,MX,1596160605,36,84.49,27.85,-105.48,4.52
253,suluova,20,TR,1596160605,77,62.6,40.83,35.65,2.24
254,ayagoz,100,KZ,1596160605,37,65.48,47.97,80.44,9.19
255,barra patuca,92,HN,1596160605,89,80.98,15.8,-84.28,6.08
256,batemans bay,0,AU,1596160605,54,59.0,-35.72,150.18,1.01
257,vila franca do campo,40,PT,1596160605,77,69.8,37.72,-25.43,5.82
258,gunjur,100,GM,1596160605,85,79.12,13.2,-16.73,15.61
259,karratha,0,AU,1596160606,24,76.89,-20.74,116.85,8.3
260,lagoa,55,PT,1596160606,78,69.26,39.05,-27.98,13.8
261,pangoa,18,PE,1596160606,92,64.74,-12.12,-73.0,2.13
262,malpe,90,IN,1596160606,94,75.2,13.35,74.72,5.53
263,aksu,8,CN,1596160606,18,82.35,41.12,80.26,6.29
264,isangel,51,VU,1596160606,69,80.6,-19.55,169.27,8.05
265,okhotsk,11,RU,1596160606,45,65.37,59.38,143.3,3.29
266,khatanga,44,RU,1596160513,38,69.12,71.97,102.5,14.2
267,pisco,0,PE,1596160593,82,60.8,-13.7,-76.22,12.75
268,katherine,0,AU,1596160606,21,80.6,-14.47,132.27,20.8
269,kavieng,100,PG,1596160529,75,84.6,-2.57,150.8,9.66
270,hasaki,75,JP,1596160606,94,80.01,35.73,140.83,2.24
271,grand gaube,4,MU,1596160606,85,68.0,-20.01,57.66,4.0
272,jacareacanga,66,BR,1596160606,56,74.68,-6.22,-57.75,0.47
273,sept-iles,90,CA,1596160606,100,62.01,50.2,-66.38,4.7
274,san patricio,75,MX,1596160606,74,86.0,19.22,-104.7,2.3
275,pevek,100,RU,1596160606,97,36.0,69.7,170.31,9.82
276,new norfolk,100,AU,1596160606,76,57.0,-42.78,147.06,1.99
277,artigas,0,UY,1596160453,92,46.27,-30.4,-56.47,11.7
278,phangnga,75,TH,1596160606,88,84.2,8.45,98.53,17.22
279,lasa,5,IT,1596160606,100,63.0,46.62,10.7,4.7
280,rantepao,95,ID,1596160606,82,72.07,-2.97,119.9,2.15
281,thompson,75,CA,1596160376,93,66.2,55.74,-97.86,5.82
282,zhuhai,40,CN,1596160606,88,84.99,22.28,113.57,19.46
283,talcahuano,75,CL,1596160606,93,51.8,-36.72,-73.12,3.36
284,paita,26,PE,1596160606,82,62.11,-5.09,-81.11,9.19
285,makhu,0,IN,1596160606,77,83.53,31.1,75.0,9.6
286,joshimath,62,IN,1596160606,55,69.91,30.57,79.57,1.16
287,karymskoye,100,RU,1596160607,83,68.36,51.62,114.35,2.35
288,zhangye,99,CN,1596160607,26,78.08,38.93,100.45,16.13
289,havoysund,8,NO,1596160607,66,55.4,71.0,24.66,5.82
290,kenai,40,US,1596160607,52,68.0,60.55,-151.26,8.05
291,portree,93,GB,1596160607,85,60.01,57.41,-6.19,7.0
292,marzuq,100,YE,1596160607,58,79.09,14.4,46.47,5.35
293,maracaibo,33,VE,1596160379,77,82.4,10.63,-71.64,7.36
294,vestmannaeyjar,100,IS,1596160607,88,51.62,63.44,-20.27,9.73
295,sobolevo,0,RU,1596160607,94,49.98,54.43,31.9,7.61
296,maturin,0,VE,1596160541,93,75.16,9.75,-63.18,4.72
297,rorvik,19,NO,1596160607,90,57.69,64.86,11.24,10.0
298,taltal,0,CL,1596160607,50,62.08,-25.4,-70.48,3.98
299,rio gallegos,75,AR,1596160607,86,37.4,-51.62,-69.22,3.36
300,arinos,0,BR,1596160607,40,65.1,-15.92,-46.11,2.91
301,santa fe,0,AR,1596160607,53,52.0,-31.63,-60.7,5.99
302,myurego,0,RU,1596160607,72,64.4,42.41,47.69,4.47
303,ponta do sol,20,PT,1596160554,68,68.0,32.67,-17.1,10.29
304,weihe,100,CN,1596160607,82,75.99,33.0,105.32,2.57
305,kodinsk,14,RU,1596160607,55,72.46,58.69,99.18,2.46
306,dingle,95,PH,1596160607,74,84.83,11.0,122.67,9.71
307,saint-pierre,31,RE,1596160607,72,68.0,-21.34,55.48,6.93
308,bambous virieux,75,MU,1596160607,83,71.6,-20.34,57.76,3.36
309,estacion coahuila,5,MX,1596160607,7,118.0,32.19,-115.0,3.36
310,tafresh,0,IR,1596160607,52,63.91,34.69,50.01,7.27
311,hobyo,58,SO,1596160608,80,77.31,5.35,48.53,22.59
312,viedma,29,AR,1596160608,67,45.0,-40.81,-63.0,7.0
313,bela,76,IN,1596160608,69,84.88,25.93,81.98,3.31
314,manzhouli,82,CN,1596160608,66,72.79,49.6,117.43,6.87
315,chicama,60,PE,1596160608,80,61.75,-7.84,-79.15,4.03
316,kamenka,85,RU,1596160608,93,66.0,51.32,42.77,5.68
317,owando,98,CG,1596160608,77,72.59,-0.48,15.9,2.33
318,sanandaj,0,IR,1596160608,66,62.78,35.31,46.99,4.92
319,hirara,75,JP,1596160608,70,89.6,24.8,125.28,14.99
320,tucuman,0,AR,1596160608,57,48.2,-26.82,-65.22,10.29
321,kokoda,61,PG,1596160608,64,82.8,-8.88,147.74,1.97
322,mbengwi,100,CM,1596160608,94,62.51,6.02,10.0,3.31
323,omsukchan,100,RU,1596160608,72,49.86,62.53,155.8,15.01
324,cabo san lucas,5,MX,1596160608,54,84.99,22.89,-109.91,13.87
325,poum,25,NC,1596160608,90,73.45,-20.23,164.02,13.58
326,kidal,0,ML,1596160608,21,92.68,18.44,1.41,7.56
327,wanning,100,CN,1596160608,85,83.52,18.8,110.4,14.67
328,fairbanks,20,US,1596160317,36,78.8,64.84,-147.72,8.05
329,aquin,100,HT,1596160608,79,81.9,18.28,-73.4,7.18
330,adeje,1,ES,1596160608,73,71.6,28.12,-16.73,12.75
331,banda,80,IN,1596160608,59,88.93,25.48,80.33,10.11
332,khash,0,IR,1596160608,21,72.23,28.22,61.22,1.52
333,esperance,0,AU,1596160608,100,53.6,-33.87,121.9,8.05
334,ambilobe,88,MG,1596160608,76,70.81,-13.2,49.05,3.44
335,mundo nuevo,15,MX,1596160608,83,81.37,18.7,-95.5,11.77
336,kropotkin,0,RU,1596160608,47,67.51,45.44,40.58,2.91
337,kieta,100,PG,1596160609,72,83.89,-6.22,155.63,1.9
338,fare,4,PF,1596160609,77,79.7,-16.7,-151.02,10.04
339,pathein,49,MM,1596160609,75,84.74,16.78,94.73,5.46
340,bredasdorp,0,ZA,1596160465,93,44.6,-34.53,20.04,3.36
341,amahai,100,ID,1596160609,89,77.25,-3.33,128.92,14.23
342,yuki,75,JP,1596160609,94,75.2,36.3,139.88,1.12
343,peniche,82,PT,1596160609,86,64.99,39.36,-9.38,7.0
344,dubbo,0,AU,1596160609,62,59.0,-32.25,148.62,10.29
345,gagra,20,GE,1596160609,88,69.8,43.33,40.22,4.47
346,sung noen,95,TH,1596160609,60,89.01,14.9,101.82,7.99
347,la ronge,40,CA,1596160609,53,77.0,55.1,-105.28,5.82
348,storforshei,92,NO,1596160609,92,55.0,66.4,14.52,2.26
349,kampene,0,CD,1596160609,46,69.89,-3.6,26.67,1.12
350,ostrovnoy,100,RU,1596160609,87,51.21,68.05,39.51,14.61
351,sola,80,VU,1596160609,83,79.95,-13.88,167.55,14.0
352,constitucion,91,CL,1596160609,82,50.18,-35.33,-72.42,3.33
353,henties bay,0,NA,1596160609,26,72.18,-22.12,14.28,15.14
354,beli manastir,76,HR,1596160609,94,73.99,45.77,18.6,5.28
355,iqaluit,90,CA,1596160485,81,51.8,63.75,-68.51,2.24
356,husavik,90,IS,1596160489,93,48.2,66.04,-17.34,2.24
357,morehead,75,US,1596160609,94,79.0,37.27,-87.18,6.55
358,liwale,1,TZ,1596160609,92,63.27,-9.77,37.93,5.3
359,chegdomyn,5,RU,1596160610,46,85.51,51.12,133.02,5.88
360,wamba,100,NG,1596160610,94,69.62,8.93,8.6,2.77
361,tres lagoas,0,BR,1596160610,66,67.05,-20.75,-51.68,9.04
362,kilimatinde,0,TZ,1596160610,82,59.79,-5.85,34.95,0.92
363,mareeba,40,AU,1596160610,44,75.2,-17.0,145.43,23.04
364,samarai,70,PG,1596160610,70,75.99,-10.62,150.67,17.13
365,tautira,75,PF,1596160610,74,82.4,-17.73,-149.15,8.05
366,damavand,40,IR,1596160610,53,71.6,35.72,52.06,9.17
367,yerbogachen,89,RU,1596160610,67,61.68,61.28,108.01,9.19
368,severo-yeniseyskiy,100,RU,1596160610,95,57.16,60.37,93.04,5.57
369,san luis,62,AR,1596160610,48,48.22,-33.3,-66.34,5.3
370,monte carmelo,0,BR,1596160610,49,64.42,-18.72,-47.5,6.24
371,phibun mangsahan,100,TH,1596160610,74,91.99,15.24,105.23,10.29
372,krasnouralsk,96,RU,1596160610,95,62.73,58.36,60.04,8.7
373,tuatapere,100,NZ,1596160610,79,55.42,-46.13,167.68,2.55
374,launceston,40,AU,1596160381,76,53.01,-41.45,147.17,18.34
375,cham,0,DE,1596160610,56,63.0,49.24,12.68,1.01
376,buraydah,23,SA,1596160610,28,96.8,26.33,43.98,8.05
377,sivas,28,TR,1596160610,93,50.0,39.79,37.0,4.7
378,mbinga,60,TZ,1596160610,75,58.12,-10.93,35.02,3.56
379,casper,1,US,1596160433,24,82.4,42.87,-106.31,12.75
380,guatire,27,VE,1596160610,74,73.0,10.48,-66.54,4.43
381,clyde river,90,CA,1596160610,100,39.2,70.47,-68.59,13.87
382,fortuna,2,US,1596160610,72,66.99,40.6,-124.16,1.99
383,bulaevo,87,KZ,1596160610,93,61.66,54.91,70.44,7.65
384,mehamn,85,NO,1596160610,90,51.24,71.04,27.85,7.56
385,mahibadhoo,99,MV,1596160610,78,83.01,3.78,72.97,17.05
386,phalodi,100,IN,1596160611,52,91.08,27.13,72.37,10.16
387,biltine,100,TD,1596160611,63,81.3,14.53,20.92,10.36
388,kuito,0,AO,1596160611,53,49.32,-12.38,16.93,4.38
389,kassala,100,SD,1596160611,84,74.95,15.45,36.4,13.27
390,huarmey,29,PE,1596160611,83,60.85,-10.07,-78.15,5.23
391,sangar,0,RU,1596160611,36,69.96,63.92,127.47,3.58
392,kristianstad,34,SE,1596160611,82,57.2,56.03,14.15,10.29
393,kolyvan,80,RU,1596160611,77,60.8,55.31,82.74,6.71
394,cayenne,64,GF,1596160500,100,77.0,4.93,-52.33,2.24
395,natal,40,BR,1596160611,83,73.4,-5.79,-35.21,10.29
396,roma,1,US,1596160611,60,69.8,43.21,-75.46,2.86
397,temryuk,0,RU,1596160611,93,64.4,45.27,37.38,4.47
398,vostok,52,RU,1596160611,66,77.32,46.49,135.88,3.27
399,arriaga,45,MX,1596160611,70,79.3,16.23,-93.9,4.52
400,mugur-aksy,100,RU,1596160611,64,47.77,50.35,90.5,7.65
401,torbay,90,CA,1596160344,100,60.01,47.67,-52.73,2.24
402,mackenzie,1,CA,1596160611,41,78.8,55.3,-123.17,4.7
403,itatskiy,100,RU,1596160611,87,58.42,56.07,89.04,5.39
404,chapada dos guimaraes,0,BR,1596160611,50,75.2,-15.46,-55.75,4.7
405,rafai,16,CF,1596160611,94,67.39,4.95,23.92,1.63
406,pizarro,100,CO,1596160611,88,79.0,4.95,-77.37,5.5
407,faya,20,SA,1596160611,93,66.2,18.39,42.45,4.7
408,novobirilyussy,100,RU,1596160611,87,59.16,56.95,90.67,3.83
409,carballo,90,ES,1596160611,88,64.4,43.21,-8.69,4.7
410,coruripe,11,BR,1596160611,85,72.91,-10.13,-36.18,10.69
411,hamilton,90,US,1596160531,94,70.0,39.18,-84.53,6.93
412,jambi,100,ID,1596160393,74,79.86,-1.6,103.62,4.47
413,lubao,75,PH,1596160612,78,82.4,14.92,120.55,4.7
414,grindavik,75,IS,1596160612,93,50.0,63.84,-22.43,10.29
415,sur,40,OM,1596160612,57,90.07,22.57,59.53,3.44
416,inhambane,0,MZ,1596160612,84,63.9,-23.86,35.38,9.71
417,sao filipe,21,CV,1596160612,79,75.87,14.9,-24.5,7.99
418,altay,0,CN,1596160612,45,62.49,47.87,88.12,3.6
419,graaff-reinet,0,ZA,1596160612,56,44.53,-32.25,24.53,1.03
420,aquiraz,16,BR,1596160612,74,78.8,-3.9,-38.39,10.29
421,bowen,0,AU,1596160612,46,73.99,-20.02,148.23,21.92
422,ust-kuyga,100,RU,1596160612,67,53.49,70.02,135.6,5.35
423,hambantota,40,LK,1596160612,100,77.0,6.12,81.12,6.93
424,obidos,67,BR,1596160612,64,78.82,-1.92,-55.52,1.48
425,gazanjyk,0,TM,1596160612,43,75.25,39.24,55.52,3.67
426,evensk,100,RU,1596160612,74,53.28,61.95,159.23,12.82
427,linhares,0,BR,1596160612,93,66.81,-19.39,-40.07,3.22
428,nantucket,1,US,1596160568,94,73.99,41.28,-70.1,10.29
429,am timan,100,TD,1596160612,94,71.94,11.03,20.28,5.06
430,erzin,15,TR,1596160612,87,80.01,36.96,36.2,2.46
431,banepa,75,NP,1596160612,94,71.6,27.63,85.52,1.79
432,codrington,91,AU,1596160612,71,54.52,-38.27,141.97,10.89
433,ust-tsilma,79,RU,1596160612,80,50.56,65.44,52.15,6.96
434,acapulco,75,MX,1596160377,79,84.2,16.86,-99.89,2.24
435,touros,40,BR,1596160612,88,73.4,-5.2,-35.46,6.93
436,changji,0,CN,1596160612,40,73.4,44.02,87.32,2.24
437,hillsborough,20,US,1596160533,68,72.0,37.57,-122.38,25.28
438,gilgit,0,PK,1596160613,31,81.9,35.92,74.31,4.25
439,pitimbu,90,BR,1596160613,100,69.8,-7.47,-34.81,5.82
440,newport,0,GB,1596160540,80,66.0,51.59,-3.0,4.52
441,dudinka,6,RU,1596160613,49,71.6,69.41,86.18,22.37
442,lazaro cardenas,28,MX,1596160613,77,81.64,17.96,-102.2,0.76
443,springbok,0,ZA,1596160613,46,48.34,-29.66,17.89,4.76
444,nicoya,53,CR,1596160613,86,77.07,10.15,-85.45,3.31
445,asau,0,RO,1596160613,96,61.0,46.43,26.4,2.33
446,half moon bay,90,US,1596160613,87,72.0,37.46,-122.43,11.41
447,tarakan,100,ID,1596160613,79,81.09,3.3,117.63,12.17
448,vanimo,70,PG,1596160613,59,87.24,-2.67,141.3,4.47
449,horki,4,BY,1596160613,95,49.78,54.29,30.98,8.37
450,fort nelson,5,CA,1596160613,39,78.8,58.81,-122.7,4.7
451,razdolinsk,100,RU,1596160613,93,60.58,58.42,94.67,2.48
452,nhulunbuy,40,AU,1596160613,57,80.6,-12.23,136.77,18.34
453,inirida,4,CO,1596160613,85,75.07,3.87,-67.92,0.43
454,aljezur,3,PT,1596160613,79,72.0,37.32,-8.8,5.39
455,ammon,1,US,1596160613,19,89.6,43.47,-111.97,12.75
456,yarada,40,IN,1596160613,88,82.4,17.65,83.27,2.24
457,caravelas,0,BR,1596160613,81,71.37,-17.71,-39.25,6.8
458,kudat,40,MY,1596160613,78,80.6,6.88,116.85,10.29
459,bhor,82,IN,1596160613,89,73.67,18.17,73.85,5.32
460,turgutlu,0,TR,1596160613,57,78.8,38.5,27.7,11.41
461,xuddur,12,SO,1596160613,80,72.19,4.12,43.89,16.24
462,hermiston,1,US,1596160613,18,107.6,45.84,-119.29,10.29
463,yenagoa,100,NG,1596160614,91,73.71,4.92,6.26,5.82
464,tezu,98,IN,1596160614,86,77.27,27.92,96.17,2.55
465,jalu,0,LY,1596160614,44,77.99,29.03,21.55,9.06
466,maragogi,46,BR,1596160614,87,72.99,-9.01,-35.22,9.8
467,kargopol,96,RU,1596160614,94,53.51,61.51,38.95,7.36
468,luanda,75,AO,1596160614,83,71.6,-8.84,13.23,4.7
469,vammala,100,FI,1596160614,93,55.4,61.33,22.9,3.36
470,nenjiang,44,CN,1596160614,51,83.1,49.18,125.22,10.98
471,doka,100,SD,1596160614,96,70.3,13.52,35.77,4.63
472,kangaatsiaq,100,GL,1596160614,82,44.42,68.31,-53.46,7.58
473,palmer,75,US,1596160614,83,71.6,42.16,-72.33,4.7
474,kosamba,100,IN,1596160614,84,82.36,21.48,72.95,7.61
475,flinders,20,AU,1596160614,47,60.01,-34.58,150.86,3.36
476,namibe,0,AO,1596160614,86,62.47,-15.2,12.15,2.42
477,paramonga,46,PE,1596160614,84,59.99,-10.67,-77.83,5.21
478,necochea,71,AR,1596160614,83,44.01,-38.55,-58.74,14.0
479,svetlaya,37,RU,1596160614,80,70.97,46.54,138.33,12.53
480,kharp,0,RU,1596160614,65,56.16,66.8,65.81,2.86
481,ulverstone,100,AU,1596160357,66,57.99,-41.15,146.17,4.0
482,visnes,65,NO,1596160614,93,57.2,59.36,5.22,5.82
483,heihe,75,CN,1596160614,88,73.4,50.24,127.49,6.71
484,bayonet point,1,US,1596160615,74,84.99,28.33,-82.68,8.52
485,mitsamiouli,5,KM,1596160615,76,75.94,-11.38,43.28,21.92
486,pasighat,100,IN,1596160615,89,76.86,28.07,95.33,1.99
487,galesong,20,ID,1596160615,61,82.4,-5.32,119.37,2.24
488,buka,40,UZ,1596160615,44,77.0,40.81,69.2,6.93
489,westport,1,US,1596160441,69,78.8,41.14,-73.36,5.97
490,smirnykh,100,RU,1596160615,86,69.15,49.75,142.83,5.53
491,angoche,0,MZ,1596160615,71,69.49,-16.23,39.91,14.23
492,santa isabel do rio negro,0,BR,1596160530,65,72.52,-0.41,-65.02,1.39
493,saskylakh,0,RU,1596160615,54,63.23,71.92,114.08,3.8
494,minot,1,US,1596160497,45,87.8,48.23,-101.3,9.46
495,praia,75,CV,1596160485,74,78.8,14.92,-23.51,11.41
496,havre-saint-pierre,90,CA,1596160575,100,60.8,50.23,-63.6,4.7
497,weinan,56,CN,1596160615,88,84.0,34.5,109.51,2.24
498,mangai,0,CD,1596160615,35,72.72,-4.05,19.53,1.66
499,vila velha,75,BR,1596160431,83,75.0,-20.33,-40.29,17.22
500,itarema,2,BR,1596160615,78,78.08,-2.92,-39.92,14.67
501,hatta,98,IN,1596160615,69,83.77,24.12,79.6,6.93
502,muriti,1,TZ,1596160615,66,73.38,-1.98,32.92,14.32
503,nanakuli,75,US,1596160615,54,84.2,21.39,-158.15,10.29
504,santa isabel,75,BR,1596160615,87,60.8,-23.32,-46.22,5.82
505,russell,20,US,1596160615,78,84.2,32.35,-85.2,4.23
506,caxito,75,AO,1596160615,83,71.6,-8.58,13.66,4.7
507,novyye gorki,0,RU,1596160615,92,52.02,56.73,41.06,6.04
508,mandalgovi,11,MN,1596160615,27,78.35,45.76,106.27,11.79
509,isla mujeres,75,MX,1596160615,83,84.2,21.23,-86.73,3.36
510,manuk mangkaw,100,PH,1596160615,75,83.7,4.8,119.85,17.74
511,sibolga,100,ID,1596160348,65,82.69,1.74,98.78,0.22
512,goderich,0,CA,1596160616,71,73.99,43.75,-81.72,4.0
513,daloa,80,CI,1596160616,99,68.65,6.88,-6.45,3.67
514,ingham,1,US,1596160616,77,70.0,42.6,-84.38,3.36
515,cockburn town,100,TC,1596160616,90,76.12,21.46,-71.14,58.99
516,shache,0,CN,1596160616,22,82.02,38.42,77.24,3.6
517,molina,98,CL,1596160616,81,48.99,-35.12,-71.28,3.22
518,saint-georges,20,GD,1596160616,88,80.6,12.06,-61.75,8.05
519,chapais,90,CA,1596160616,93,62.6,49.78,-74.85,2.24
520,spanish town,40,JM,1596160616,66,89.6,17.99,-76.96,8.05
521,ilulissat,47,GL,1596160616,70,46.4,69.22,-51.1,2.24
522,jumla,94,NP,1596160616,69,64.76,29.27,82.18,1.48
523,korba,68,IN,1596160616,67,85.32,22.35,82.68,3.83
524,gaoyou,100,CN,1596160616,77,89.01,32.79,119.43,3.0
525,alamogordo,1,US,1596160616,22,104.0,32.9,-105.96,6.93
526,wajima,75,JP,1596160616,78,78.8,37.4,136.9,11.41
527,pereira barreto,0,BR,1596160616,65,67.66,-20.64,-51.11,14.38
528,santa vitoria do palmar,0,BR,1596160616,88,46.47,-33.52,-53.37,8.86
529,xinxiang,12,CN,1596160616,63,86.0,35.31,113.87,7.92
530,gigmoto,100,PH,1596160616,79,83.05,13.78,124.39,5.39
531,sydney mines,90,CA,1596160616,100,66.99,46.24,-60.22,3.36
532,plettenberg bay,0,ZA,1596160616,71,54.86,-34.05,23.37,2.95
533,siavonga,0,ZM,1596160616,60,62.51,-16.54,28.71,3.36
534,midland,1,US,1596160617,25,96.8,32.0,-102.08,12.75
535,hinton,35,CA,1596160617,78,70.36,53.4,-117.59,3.6
536,okha,23,RU,1596160617,71,60.91,53.57,142.95,10.76
537,sao joao da barra,100,BR,1596160617,83,68.16,-21.64,-41.05,17.6
538,kindu,0,CD,1596160617,48,71.01,-2.95,25.95,0.72
539,ipira,0,BR,1596160617,95,62.71,-12.16,-39.74,6.17
540,entre rios,40,BR,1596160617,97,65.26,-11.94,-38.08,4.34
541,kultuk,88,RU,1596160617,54,67.78,51.72,103.7,2.91
542,soyo,96,AO,1596160617,79,72.45,-6.13,12.37,7.25
543,tura,77,IN,1596160617,91,79.03,25.52,90.22,4.79
544,north bend,75,US,1596160617,87,64.99,43.41,-124.22,11.41
545,sayhat,0,SA,1596160617,75,91.4,26.49,50.04,2.24
546,yabrud,0,SY,1596160564,68,69.8,33.97,36.66,10.29
547,bonthe,18,SL,1596160617,87,75.56,7.53,-12.51,3.4
548,yeppoon,32,AU,1596160617,40,71.6,-23.13,150.73,14.99
549,tarnos,66,FR,1596160617,73,77.0,43.54,-1.46,6.93
550,xingtai,0,CN,1596160617,49,90.97,37.06,114.49,5.32
551,anshun,1,CN,1596160617,74,75.58,26.25,105.93,2.15
552,west fargo,1,US,1596160617,57,79.0,46.88,-96.9,4.7
553,craig,1,US,1596160617,17,84.2,40.52,-107.55,5.82
554,mahanoro,52,MG,1596160617,89,67.91,-19.9,48.8,3.96
555,vangaindrano,3,MG,1596160617,89,63.3,-23.35,47.6,7.09
556,sandnessjoen,16,NO,1596160617,100,57.2,66.02,12.63,3.36
557,parys,0,FR,1596160610,37,73.4,48.85,2.35,6.93
558,udachnyy,0,RU,1596160618,48,64.4,66.42,112.4,6.71
559,poanas,75,MX,1596160618,54,78.8,25.77,-103.62,10.29
560,mersing,40,MY,1596160618,94,73.4,2.43,103.84,3.36
561,sinnamary,44,GF,1596160618,81,78.44,5.38,-52.95,4.59
562,mahebourg,75,MU,1596160618,83,71.6,-20.41,57.7,3.36
563,southbridge,100,US,1596160618,76,72.0,42.08,-72.03,1.52
564,cururupu,82,BR,1596160618,92,74.71,-1.83,-44.87,2.46
